100682529
100689076
100689098
100689187
100689346
100689380
100689389
100689412
100689430
100689433
100689434
100751126
100751391
100751465
100751648
100752084
100752162
100752256
100753146
100753226
100753385
100755259
100755714
100755739
100755854
100756512
100757219
100757519
100757912
100758359
100758514
100758826
100758971
100759386
100759599
100760162
100760589
100761032
100761041
100761169
100761494
100761765
100761996
100762043
100762124
100762175
100762780
100762811
100763679
100763868
100764014
100764127
100764359
100764829
100765247
100765313
100765538
100765997
100766326
100766669
100766715
100766861
100767387
100767525
100767553
100768172
100768523
100768637
100768831
100769040
100769695
100770274
100770329
100770527
100770619
100771275
100771525
100771772
100773133
100773797
100773968
100774026
100774203
100774815
103158732
