100682529
100689076
100689096
100689098
100689187
100689277
100689305
100689308
100689312
100689313
100689345
100689346
100689380
100689389
100689412
100689421
100689430
100689433
100689434
100689456
100750425
100750685
100750876
100751016
100751069
100751126
100751151
100751243
100751274
100751285
100751353
100751391
100751465
100751540
100751648
100751737
100751746
100752084
100752162
100752256
100752826
100752891
100753146
100753226
100753385
100753801
100753807
100753913
100754024
100754030
100754298
100754332
100754547
100754836
100754848
100754853
100754863
100755259
100755260
100755306
100755627
100755714
100755739
100755817
100755846
100755854
100756021
100756215
100756228
100756232
100756491
100756512
100756644
100756711
100756776
100757009
100757038
100757219
100757519
100757677
100757763
100757864
100757912
100757949
100758359
100758402
100758455
100758514
100758562
100758563
100758826
100758891
100758919
100758962
100758971
100758975
100758978
100758987
100759016
100759367
100759386
100759417
100759505
100759599
100760133
100760162
100760261
100760316
100760440
100760589
100760666
100761032
100761041
100761169
100761174
100761331
100761457
100761494
100761728
100761765
100761936
100761962
100761996
100762000
100762043
100762124
100762175
100762493
100762647
100762780
100762811
100763138
100763268
100763679
100763868
100763893
100764014
100764127
100764138
100764359
100764392
100764579
100764733
100764829
100764857
100765071
100765247
100765313
100765538
100765934
100765997
100766326
100766669
100766715
100766861
100766955
100767174
100767177
100767343
100767375
100767386
100767387
100767525
100767553
100767661
100767928
100768172
100768363
100768399
100768456
100768499
100768523
100768637
100768703
100768801
100768831
100768848
100768883
100768974
100769040
100769200
100769231
100769309
100769319
100769350
100769387
100769450
100769586
100769695
100770274
100770306
100770329
100770344
100770527
100770619
100770898
100770948
100771179
100771275
100771525
100771772
100771866
100771916
100772250
100772255
100772429
100772503
100772915
100773133
100773207
100773227
100773331
100773369
100773434
100773797
100773907
100773968
100774026
100774039
100774203
100774697
100774815
100774833
100775020
103158732
103158862
103161668
103161970
