100682529
100689030
100689031
100689036
100689054
100689076
100689098
100689173
100689187
100689203
100689217
100689251
100689294
100689301
100689322
100689334
100689343
100689346
100689347
100689373
100689380
100689382
100689389
100689394
100689412
100689419
100689420
100689430
100689432
100689433
100689434
100689435
100689438
100689440
100689451
100750552
100750622
100750680
100750701
100750766
100750837
100750932
100750993
100751055
100751124
100751126
100751185
100751193
100751197
100751278
100751357
100751391
100751432
100751465
100751585
100751648
100751820
100751850
100751999
100752084
100752162
100752256
100752280
100752376
100752432
100752441
100752454
100752487
100753146
100753214
100753226
100753239
100753256
100753385
100753417
100753458
100753635
100753783
100753866
100753910
100754017
100754061
100754088
100754361
100754421
100754792
100754814
100754838
100754969
100755033
100755062
100755259
100755464
100755507
100755703
100755714
100755739
100755837
100755854
100755985
100756078
100756134
100756213
100756356
100756363
100756367
100756415
100756438
100756512
100756528
100756696
100756878
100756934
100756962
100757006
100757047
100757071
100757138
100757160
100757219
100757239
100757519
100757523
100757543
100757844
100757873
100757895
100757909
100757912
100757919
100758154
100758170
100758269
100758293
100758298
100758336
100758359
100758490
100758512
100758514
100758528
100758826
100758880
100758914
100758971
100758983
100759065
100759307
100759365
100759378
100759381
100759386
100759418
100759470
100759511
100759513
100759599
100759604
100759781
100759837
100759864
100759929
100760101
100760162
100760260
100760284
100760325
100760543
100760589
100760696
100760756
100760763
100760777
100760778
100760904
100761026
100761032
100761041
100761071
100761169
100761198
100761218
100761445
100761494
100761516
100761532
100761596
100761712
100761765
100761996
100762043
100762108
100762124
100762175
100762253
100762273
100762285
100762395
100762397
100762505
100762619
100762626
100762689
100762757
100762780
100762811
100762852
100762875
100762939
100763034
100763187
100763206
100763278
100763313
100763403
100763424
100763474
100763480
100763632
100763679
100763714
100763756
100763844
100763868
100763965
100764014
100764057
100764110
100764127
100764359
100764402
100764454
100764465
100764682
100764727
100764752
100764829
100764842
100764893
100764964
100765129
100765247
100765249
100765313
100765343
100765486
100765524
100765538
100765544
100765580
100765741
100765856
100765877
100765997
100766150
100766200
100766255
100766299
100766326
100766505
100766669
100766686
100766687
100766691
100766703
100766710
100766715
100766861
100766921
100766936
100766960
100767043
100767124
100767156
100767265
100767306
100767387
100767393
100767419
100767446
100767503
100767525
100767553
100767598
100767659
100767717
100767869
100767969
100767985
100768002
100768098
100768172
100768351
100768385
100768412
100768523
100768531
100768564
100768635
100768637
100768656
100768669
100768670
100768719
100768831
100768920
100768993
100769025
100769040
100769077
100769118
100769170
100769454
100769460
100769477
100769652
100769679
100769695
100770000
100770004
100770074
100770096
100770152
100770177
100770274
100770329
100770363
100770462
100770527
100770542
100770573
100770619
100770625
100770708
100770803
100770830
100771009
100771014
100771074
100771243
100771256
100771257
100771275
100771304
100771326
100771411
100771525
100771720
100771734
100771772
100771893
100771969
100772003
100772025
100772055
100772144
100772146
100772214
100772246
100772408
100772458
100772469
100772486
100772511
100772592
100772607
100772932
100772999
100773133
100773134
100773213
100773215
100773294
100773412
100773432
100773511
100773644
100773712
100773731
100773797
100773968
100774024
100774026
100774066
100774081
100774175
100774188
100774203
100774283
100774301
100774358
100774375
100774568
100774608
100774638
100774815
100774848
100774953
100774971
100774981
103158732
103158768
103159649
103160327
103160352
103161689
103161711
103162307
103163077
103163675
103164123
